120
0 0 0 1 1 1 1 1 0 1 1 0 0 36
1 0 0 1 1 1 1 1 0 1 1 0 0 36
2 0 0 1 1 1 1 1 0 1 1 0 0 36
3 0 0 1 1 1 1 1 0 1 1 0 0 36
4 0 0 1 1 1 1 1 0 1 1 0 0 36
5 0 0 1 1 1 1 1 0 1 1 0 0 36
6 0 0 1 1 1 1 1 0 1 1 0 0 36
7 0 0 1 1 1 1 1 0 1 1 0 0 36
8 0 0 1 1 1 1 1 0 1 1 0 0 36
9 0 0 1 1 1 1 1 0 1 1 0 0 36
10 0 0 1 1 1 1 1 0 1 1 0 0 36
11 0 0 1 1 1 1 1 0 1 1 0 0 36
12 0 0 1 1 1 1 1 0 1 1 0 0 36
13 0 0 1 1 1 1 1 0 1 1 0 0 36
14 0 0 1 1 1 1 1 0 1 1 0 0 36
15 0 0 1 1 1 1 1 0 1 1 0 0 36
16 0 0 1 1 1 1 1 0 1 1 0 0 36
17 0 0 1 1 1 1 1 0 1 1 0 0 36
18 0 0 1 1 1 1 1 0 1 1 0 0 36
19 0 0 1 1 1 1 1 0 1 1 0 0 36
20 0 0 1 1 1 1 1 0 1 1 0 0 36
21 0 0 1 1 1 1 1 0 1 1 0 0 36
22 0 0 1 1 1 1 1 0 1 1 0 0 36
23 0 0 1 1 1 1 1 0 1 1 0 0 36
24 0 0 1 1 1 1 1 0 1 1 0 0 36
25 0 0 1 1 1 1 1 0 1 1 0 0 36
26 0 0 1 1 1 1 1 0 1 1 0 0 36
27 0 0 1 1 1 1 1 0 1 1 0 0 36
28 0 0 1 1 1 1 1 0 1 1 0 0 36
29 0 0 1 1 1 1 1 0 1 1 0 0 36
30 0 0 1 1 1 1 1 0 1 1 0 0 36
31 0 0 1 1 1 1 1 0 1 1 0 0 36
32 0 0 1 1 1 1 1 0 1 1 0 0 36
33 0 0 1 1 1 1 1 0 1 1 0 0 36
34 0 0 1 1 1 1 1 0 1 1 0 0 36
35 0 0 1 1 1 1 1 0 1 1 0 0 36
36 0 0 1 1 1 1 1 0 1 1 0 0 36
37 0 0 1 1 1 1 1 0 1 1 0 0 36
38 0 0 1 1 1 1 1 0 1 1 0 0 36
39 0 0 1 1 1 1 1 0 1 1 0 0 36
40 0 0 1 1 1 1 1 0 1 1 0 0 36
41 0 0 1 1 1 1 1 0 1 1 0 0 36
42 0 0 1 1 1 1 1 0 1 1 0 0 36
43 0 0 1 1 1 1 1 0 1 1 0 0 36
44 0 0 1 1 1 1 1 0 1 1 0 0 36
45 0 0 1 1 1 1 1 0 1 1 0 0 36
46 0 0 1 1 1 1 1 0 1 1 0 0 36
47 0 0 1 1 1 1 1 0 1 1 0 0 36
48 0 0 1 1 1 1 1 0 1 1 0 0 36
49 0 0 1 1 1 1 1 0 1 1 0 0 36
50 0 0 1 1 1 1 1 0 1 1 0 0 36
51 0 0 1 1 1 1 1 0 1 1 0 0 36
52 0 0 1 1 1 1 1 0 1 1 0 0 36
53 0 0 1 1 1 1 1 0 1 1 0 0 36
54 0 0 1 1 1 1 1 0 1 1 0 0 36
55 0 0 1 1 1 1 1 0 1 1 0 0 36
56 0 0 1 1 1 1 1 0 1 1 0 0 36
57 0 0 1 1 1 1 1 0 1 1 0 0 36
58 0 0 1 1 1 1 1 0 1 1 0 0 36
59 0 0 1 1 1 1 1 0 1 1 0 0 36
0 5 0 1 1 1 1 1 0 1 1 0 0 33
1 5 0 1 1 1 1 1 0 1 1 0 0 33
2 5 0 1 1 1 1 1 0 1 1 0 0 33
3 5 0 1 1 1 1 1 0 1 1 0 0 33
4 5 0 1 1 1 1 1 0 1 1 0 0 33
5 5 0 1 1 1 1 1 0 1 1 0 0 33
6 5 0 1 1 1 1 1 0 1 1 0 0 33
7 5 0 1 1 1 1 1 0 1 1 0 0 33
8 5 0 1 1 1 1 1 0 1 1 0 0 33
9 5 0 1 1 1 1 1 0 1 1 0 0 33
10 5 0 1 1 1 1 1 0 1 1 0 0 33
11 5 0 1 1 1 1 1 0 1 1 0 0 33
12 5 0 1 1 1 1 1 0 1 1 0 0 33
13 5 0 1 1 1 1 1 0 1 1 0 0 33
14 5 0 1 1 1 1 1 0 1 1 0 0 33
15 5 0 1 1 1 1 1 0 1 1 0 0 33
16 5 0 1 1 1 1 1 0 1 1 0 0 33
17 5 0 1 1 1 1 1 0 1 1 0 0 33
18 5 0 1 1 1 1 1 0 1 1 0 0 33
19 5 0 1 1 1 1 1 0 1 1 0 0 33
20 5 0 1 1 1 1 1 0 1 1 0 0 33
21 5 0 1 1 1 1 1 0 1 1 0 0 33
22 5 0 1 1 1 1 1 0 1 1 0 0 33
23 5 0 1 1 1 1 1 0 1 1 0 0 33
24 5 0 1 1 1 1 1 0 1 1 0 0 33
25 5 0 1 1 1 1 1 0 1 1 0 0 33
26 5 0 1 1 1 1 1 0 1 1 0 0 33
27 5 0 1 1 1 1 1 0 1 1 0 0 33
28 5 0 1 1 1 1 1 0 1 1 0 0 33
29 5 0 1 1 1 1 1 0 1 1 0 0 33
30 5 0 1 1 1 1 1 0 1 1 0 0 33
31 5 0 1 1 1 1 1 0 1 1 0 0 33
32 5 0 1 1 1 1 1 0 1 1 0 0 33
33 5 0 1 1 1 1 1 0 1 1 0 0 33
34 5 0 1 1 1 1 1 0 1 1 0 0 33
35 5 0 1 1 1 1 1 0 1 1 0 0 33
36 5 0 1 1 1 1 1 0 1 1 0 0 33
37 5 0 1 1 1 1 1 0 1 1 0 0 33
38 5 0 1 1 1 1 1 0 1 1 0 0 33
39 5 0 1 1 1 1 1 0 1 1 0 0 33
40 5 0 1 1 1 1 1 0 1 1 0 0 33
41 5 0 1 1 1 1 1 0 1 1 0 0 33
42 5 0 1 1 1 1 1 0 1 1 0 0 33
43 5 0 1 1 1 1 1 0 1 1 0 0 33
44 5 0 1 1 1 1 1 0 1 1 0 0 33
45 5 0 1 1 1 1 1 0 1 1 0 0 33
46 5 0 1 1 1 1 1 0 1 1 0 0 33
47 5 0 1 1 1 1 1 0 1 1 0 0 33
48 5 0 1 1 1 1 1 0 1 1 0 0 33
49 5 0 1 1 1 1 1 0 1 1 0 0 33
50 5 0 1 1 1 1 1 0 1 1 0 0 33
51 5 0 1 1 1 1 1 0 1 1 0 0 33
52 5 0 1 1 1 1 1 0 1 1 0 0 33
53 5 0 1 1 1 1 1 0 1 1 0 0 33
54 5 0 1 1 1 1 1 0 1 1 0 0 33
55 5 0 1 1 1 1 1 0 1 1 0 0 33
56 5 0 1 1 1 1 1 0 1 1 0 0 33
57 5 0 1 1 1 1 1 0 1 1 0 0 33
58 5 0 1 1 1 1 1 0 1 1 0 0 33
59 5 0 1 1 1 1 1 0 1 1 0 0 33
